0	0	0	0	0	0
0	0	1	0	0	0
0	0	2	0	0	0
0	0	3	0	0	0
0	0	4	0	0	0
0	0	5	0	0	0
0	0	6	0	0	0
0	0	7	0	0	0
0	0	8	0	0	0
0	0	9	0	0	0
0	0	10	0	0	0
0	0	11	0	0	0
0	0	12	0	0	0
0	0	13	0	0	0
0	0	14	0	0	0
0	0	15	0	0	0
0	0	16	0	0	0
0	0	17	0	0	0
0	0	18	0	0	0
0	0	19	0	0	0
0	1	0	0	0	0
0	1	1	0	0	0
0	1	2	0	0	0
0	1	3	0	0	0
0	1	4	0	0	0
0	1	5	0	0	0
0	1	6	0	0	0
0	1	7	0	0	0
0	1	8	0	0	0
0	1	9	0	0	0
0	1	10	0	0	0
0	1	11	0	0	0
0	1	12	0	0	0
0	1	13	0	0	0
0	1	14	0	0	0
0	1	15	0	0	0
0	1	16	0	0	0
0	1	17	0	0	0
0	1	18	0	0	0
0	1	19	0	0	0
0	2	0	0	0	0
0	2	1	0	0	0
0	2	2	0	0	0
0	2	3	0	0	0
0	2	4	0	0	0
0	2	5	0	0	0
0	2	6	0	0	0
0	2	7	0	0	0
0	2	8	0	0	0
0	2	9	0	0	0
0	2	10	0	0	0
0	2	11	0	0	0
0	2	12	0	0	0
0	2	13	0	0	0
0	2	14	0	0	0
0	2	15	0	0	0
0	2	16	0	0	0
0	2	17	0	0	0
0	2	18	0	0	0
0	2	19	0	0	0
0	3	0	0	0	0
0	3	1	0	0	0
0	3	2	0	0	0
0	3	3	0	0	0
0	3	4	0	0	0
0	3	5	0	0	0
0	3	6	0	0	0
0	3	7	0	0	0
0	3	8	0	0	0
0	3	9	0	0	0
0	3	10	0	0	0
0	3	11	0	0	0
0	3	12	0	0	0
0	3	13	0	0	0
0	3	14	0	0	0
0	3	15	0	0	0
0	3	16	0	0	0
0	3	17	0	0	0
0	3	18	0	0	0
0	3	19	0	0	0
1	0	0	0	0	0
1	0	1	0	0	0
1	0	2	0	0	0
1	0	3	0	0	0
1	0	4	0	0	0
1	0	5	0	0	0
1	0	6	0	0	0
1	0	7	0	0	0
1	0	8	0	0	0
1	0	9	0	0	0
1	0	10	0	0	0
1	0	11	0	0	0
1	0	12	0	0	0
1	0	13	0	0	0
1	0	14	0	0	0
1	0	15	0	0	0
1	0	16	0	0	0
1	0	17	0	0	0
1	0	18	0	0	0
1	0	19	0	0	0
1	1	0	0	0	0
1	1	1	0	0	0
1	1	2	0	0	0
1	1	3	0	0	0
1	1	4	0	0	0
1	1	5	0	0	0
1	1	6	0	0	0
1	1	7	0	0	0
1	1	8	0	0	0
1	1	9	0	0	0
1	1	10	0	0	0
1	1	11	0	0	0
1	1	12	0	0	0
1	1	13	0	0	0
1	1	14	0	0	0
1	1	15	0	0	0
1	1	16	0	0	0
1	1	17	0	0	0
1	1	18	0	0	0
1	1	19	0	0	0
1	2	0	0	0	0
1	2	1	0	0	0
1	2	2	0	0	0
1	2	3	0	0	0
1	2	4	0	0	0
1	2	5	0	0	0
1	2	6	0	0	0
1	2	7	0	0	0
1	2	8	0	0	0
1	2	9	0	0	0
1	2	10	0	0	0
1	2	11	0	0	0
1	2	12	0	0	0
1	2	13	0	0	0
1	2	14	0	0	0
1	2	15	0	0	0
1	2	16	0	0	0
1	2	17	0	0	0
1	2	18	0	0	0
1	2	19	0	0	0
1	3	0	0	0	0
1	3	1	0	0	0
1	3	2	0	0	0
1	3	3	0	0	0
1	3	4	0	0	0
1	3	5	0	0	0
1	3	6	0	0	0
1	3	7	0	0	0
1	3	8	0	0	0
1	3	9	0	0	0
1	3	10	0	0	0
1	3	11	0	0	0
1	3	12	0	0	0
1	3	13	0	0	0
1	3	14	0	0	0
1	3	15	0	0	0
1	3	16	0	0	0
1	3	17	0	0	0
1	3	18	0	0	0
1	3	19	0	0	0
2	0	0	0	0	0
2	0	1	0	0	0
2	0	2	0	0	0
2	0	3	0	0	0
2	0	4	0	0	0
2	0	5	0	0	0
2	0	6	0	0	0
2	0	7	0	0	0
2	0	8	0	0	0
2	0	9	0	0	0
2	0	10	0	0	0
2	0	11	0	0	0
2	0	12	0	0	0
2	0	13	0	0	0
2	0	14	0	0	0
2	0	15	0	0	0
2	0	16	0	0	0
2	0	17	0	0	0
2	0	18	0	0	0
2	0	19	0	0	0
2	1	0	0	0	0
2	1	1	0	0	0
2	1	2	0	0	0
2	1	3	0	0	0
2	1	4	0	0	0
2	1	5	0	0	0
2	1	6	0	0	0
2	1	7	0	0	0
2	1	8	0	0	0
2	1	9	0	0	0
2	1	10	0	0	0
2	1	11	0	0	0
2	1	12	0	0	0
2	1	13	0	0	0
2	1	14	0	0	0
2	1	15	0	0	0
2	1	16	0	0	0
2	1	17	0	0	0
2	1	18	0	0	0
2	1	19	0	0	0
2	2	0	0	0	0
2	2	1	0	0	0
2	2	2	0	0	0
2	2	3	0	0	0
2	2	4	0	0	0
2	2	5	0	0	0
2	2	6	0	0	0
2	2	7	0	0	0
2	2	8	0	0	0
2	2	9	0	0	0
2	2	10	0	0	0
2	2	11	0	0	0
2	2	12	0	0	0
2	2	13	0	0	0
2	2	14	0	0	0
2	2	15	0	0	0
2	2	16	0	0	0
2	2	17	0	0	0
2	2	18	0	0	0
2	2	19	0	0	0
2	3	0	0	0	0
2	3	1	0	0	0
2	3	2	0	0	0
2	3	3	0	0	0
2	3	4	0	0	0
2	3	5	0	0	0
2	3	6	0	0	0
2	3	7	0	0	0
2	3	8	0	0	0
2	3	9	0	0	0
2	3	10	0	0	0
2	3	11	0	0	0
2	3	12	0	0	0
2	3	13	0	0	0
2	3	14	0	0	0
2	3	15	0	0	0
2	3	16	0	0	0
2	3	17	0	0	0
2	3	18	0	0	0
2	3	19	0	0	0
3	0	0	0	0	0
3	0	1	0	0	0
3	0	2	0	0	0
3	0	3	0	0	0
3	0	4	0	0	0
3	0	5	0	0	0
3	0	6	0	0	0
3	0	7	0	0	0
3	0	8	0	0	0
3	0	9	0	0	0
3	0	10	0	0	0
3	0	11	0	0	0
3	0	12	0	0	0
3	0	13	0	0	0
3	0	14	0	0	0
3	0	15	0	0	0
3	0	16	0	0	0
3	0	17	0	0	0
3	0	18	0	0	0
3	0	19	0	0	0
3	1	0	0	0	0
3	1	1	0	0	0
3	1	2	0	0	0
3	1	3	0	0	0
3	1	4	0	0	0
3	1	5	0	0	0
3	1	6	0	0	0
3	1	7	0	0	0
3	1	8	0	0	0
3	1	9	0	0	0
3	1	10	0	0	0
3	1	11	0	0	0
3	1	12	0	0	0
3	1	13	0	0	0
3	1	14	0	0	0
3	1	15	0	0	0
3	1	16	0	0	0
3	1	17	0	0	0
3	1	18	0	0	0
3	1	19	0	0	0
3	2	0	0	0	0
3	2	1	0	0	0
3	2	2	0	0	0
3	2	3	0	0	0
3	2	4	0	0	0
3	2	5	0	0	0
3	2	6	0	0	0
3	2	7	0	0	0
3	2	8	0	0	0
3	2	9	0	0	0
3	2	10	0	0	0
3	2	11	0	0	0
3	2	12	0	0	0
3	2	13	0	0	0
3	2	14	0	0	0
3	2	15	0	0	0
3	2	16	0	0	0
3	2	17	0	0	0
3	2	18	0	0	0
3	2	19	0	0	0
3	3	0	0	0	0
3	3	1	0	0	0
3	3	2	0	0	0
3	3	3	0	0	0
3	3	4	0	0	0
3	3	5	0	0	0
3	3	6	0	0	0
3	3	7	0	0	0
3	3	8	0	0	0
3	3	9	0	0	0
3	3	10	0	0	0
3	3	11	0	0	0
3	3	12	0	0	0
3	3	13	0	0	0
3	3	14	0	0	0
3	3	15	0	0	0
3	3	16	0	0	0
3	3	17	0	0	0
3	3	18	0	0	0
3	3	19	0	0	0
4	0	0	0	0	0
4	0	1	0	0	0
4	0	2	0	0	0
4	0	3	0	0	0
4	0	4	0	0	0
4	0	5	0	0	0
4	0	6	0	0	0
4	0	7	0	0	0
4	0	8	0	0	0
4	0	9	0	0	0
4	0	10	0	0	0
4	0	11	0	0	0
4	0	12	0	0	0
4	0	13	0	0	0
4	0	14	0	0	0
4	0	15	0	0	0
4	0	16	0	0	0
4	0	17	0	0	0
4	0	18	0	0	0
4	0	19	0	0	0
4	1	0	0	0	0
4	1	1	0	0	0
4	1	2	0	0	0
4	1	3	0	0	0
4	1	4	0	0	0
4	1	5	0	0	0
4	1	6	0	0	0
4	1	7	0	0	0
4	1	8	0	0	0
4	1	9	0	0	0
4	1	10	0	0	0
4	1	11	0	0	0
4	1	12	0	0	0
4	1	13	0	0	0
4	1	14	0	0	0
4	1	15	0	0	0
4	1	16	0	0	0
4	1	17	0	0	0
4	1	18	0	0	0
4	1	19	0	0	0
4	2	0	0	0	0
4	2	1	0	0	0
4	2	2	0	0	0
4	2	3	0	0	0
4	2	4	0	0	0
4	2	5	0	0	0
4	2	6	0	0	0
4	2	7	0	0	0
4	2	8	0	0	0
4	2	9	0	0	0
4	2	10	0	0	0
4	2	11	0	0	0
4	2	12	0	0	0
4	2	13	0	0	0
4	2	14	0	0	0
4	2	15	0	0	0
4	2	16	0	0	0
4	2	17	0	0	0
4	2	18	0	0	0
4	2	19	0	0	0
4	3	0	0	0	0
4	3	1	0	0	0
4	3	2	0	0	0
4	3	3	0	0	0
4	3	4	0	0	0
4	3	5	0	0	0
4	3	6	0	0	0
4	3	7	0	0	0
4	3	8	0	0	0
4	3	9	0	0	0
4	3	10	0	0	0
4	3	11	0	0	0
4	3	12	0	0	0
4	3	13	0	0	0
4	3	14	0	0	0
4	3	15	0	0	0
4	3	16	0	0	0
4	3	17	0	0	0
4	3	18	0	0	0
4	3	19	0	0	0
5	0	0	0	0	0
5	0	1	0	0	0
5	0	2	0	0	0
5	0	3	0	0	0
5	0	4	0	0	0
5	0	5	0	0	0
5	0	6	0	0	0
5	0	7	0	0	0
5	0	8	0	0	0
5	0	9	0	0	0
5	0	10	0	0	0
5	0	11	0	0	0
5	0	12	0	0	0
5	0	13	0	0	0
5	0	14	0	0	0
5	0	15	0	0	0
5	0	16	0	0	0
5	0	17	0	0	0
5	0	18	0	0	0
5	0	19	0	0	0
5	1	0	0	0	0
5	1	1	0	0	0
5	1	2	0	0	0
5	1	3	0	0	0
5	1	4	0	0	0
5	1	5	0	0	0
5	1	6	0	0	0
5	1	7	0	0	0
5	1	8	0	0	0
5	1	9	0	0	0
5	1	10	0	0	0
5	1	11	0	0	0
5	1	12	0	0	0
5	1	13	0	0	0
5	1	14	0	0	0
5	1	15	0	0	0
5	1	16	0	0	0
5	1	17	0	0	0
5	1	18	0	0	0
5	1	19	0	0	0
5	2	0	0	0	0
5	2	1	0	0	0
5	2	2	0	0	0
5	2	3	0	0	0
5	2	4	0	0	0
5	2	5	0	0	0
5	2	6	0	0	0
5	2	7	0	0	0
5	2	8	0	0	0
5	2	9	0	0	0
5	2	10	0	0	0
5	2	11	0	0	0
5	2	12	0	0	0
5	2	13	0	0	0
5	2	14	0	0	0
5	2	15	0	0	0
5	2	16	0	0	0
5	2	17	0	0	0
5	2	18	0	0	0
5	2	19	0	0	0
5	3	0	0	0	0
5	3	1	0	0	0
5	3	2	0	0	0
5	3	3	0	0	0
5	3	4	0	0	0
5	3	5	0	0	0
5	3	6	0	0	0
5	3	7	0	0	0
5	3	8	0	0	0
5	3	9	0	0	0
5	3	10	0	0	0
5	3	11	0	0	0
5	3	12	0	0	0
5	3	13	0	0	0
5	3	14	0	0	0
5	3	15	0	0	0
5	3	16	0	0	0
5	3	17	0	0	0
5	3	18	0	0	0
5	3	19	0	0	0
6	0	0	191.15	191	204
6	0	1	223.164	241	234
6	0	2	281.583	278	291
6	0	3	365.627	340	339
6	0	4	645.968	676	697
6	0	5	8413.28	8425	8419
6	0	6	645.968	694	670
6	0	7	365.627	371	369
6	0	8	281.583	251	251
6	0	9	223.164	193	187
6	0	10	191.15	199	218
6	0	11	149.944	163	150
6	0	12	152.944	157	156
6	0	13	131.727	145	127
6	0	14	120.02	127	115
6	0	15	110.442	88	74
6	0	16	102.46	111	119
6	0	17	95.7062	81	74
6	0	18	89.9171	97	102
6	0	19	84.9	88	84
6	1	0	102.217	106	127
6	1	1	122.2	109	96
6	1	2	155.975	154	168
6	1	3	203.939	192	185
6	1	4	368.543	420	417
6	1	5	4100.76	4144	4111
6	1	6	368.543	408	404
6	1	7	203.939	223	250
6	1	8	155.975	161	157
6	1	9	122.2	125	147
6	1	10	102.217	108	108
6	1	11	79.1663	87	83
6	1	12	81.5979	90	104
6	1	13	63.28	62	62
6	1	14	56.3453	60	71
6	1	15	50.7044	57	66
6	1	16	45.9981	45	44
6	1	17	42.0152	51	49
6	1	18	38.6011	44	42
6	1	19	35.6429	39	38
6	2	0	459.93	462	437
6	2	1	5476.6	5413	5413
6	2	2	459.93	444	444
6	2	3	259.08	265	263
6	2	4	198.347	197	178
6	2	5	156.539	169	191
6	2	6	132.875	148	143
6	2	7	104.009	102	99
6	2	8	105.97	131	117
6	2	9	90.6427	84	73
6	2	10	82.216	89	70
6	2	11	75.3215	73	84
6	2	12	69.576	85	89
6	2	13	64.7145	58	60
6	2	14	60.5474	63	64
6	2	15	56.936	57	48
6	2	16	53.776	57	52
6	2	17	50.9878	56	50
6	2	18	48.5093	33	18
6	2	19	46.2918	56	46
6	3	0	379.333	390	365
6	3	1	4265.87	4259	4243
6	3	2	379.333	375	409
6	3	3	210.227	221	214
6	3	4	160.8	158	129
6	3	5	126.189	125	121
6	3	6	105.816	109	127
6	3	7	82.0693	82	73
6	3	8	84.2213	93	95
6	3	9	66.48	62	59
6	3	10	59.3707	49	43
6	3	11	53.5867	60	57
6	3	12	48.7613	53	50
6	3	13	44.6773	42	41
6	3	14	41.1773	41	46
6	3	15	38.144	37	39
6	3	16	35.488	32	31
6	3	17	33.148	33	39
6	3	18	31.0627	31	33
6	3	19	29.2	30	26
7	0	0	0	0	0
7	0	1	0	0	0
7	0	2	0	0	0
7	0	3	0	0	0
7	0	4	0	0	0
7	0	5	0	0	0
7	0	6	0	0	0
7	0	7	0	0	0
7	0	8	0	0	0
7	0	9	0	0	0
7	0	10	0	0	0
7	0	11	0	0	0
7	0	12	0	0	0
7	0	13	0	0	0
7	0	14	0	0	0
7	0	15	0	0	0
7	0	16	0	0	0
7	0	17	0	0	0
7	0	18	0	0	0
7	0	19	0	0	0
7	1	0	0	0	0
7	1	1	0	0	0
7	1	2	0	0	0
7	1	3	0	0	0
7	1	4	0	0	0
7	1	5	0	0	0
7	1	6	0	0	0
7	1	7	0	0	0
7	1	8	0	0	0
7	1	9	0	0	0
7	1	10	0	0	0
7	1	11	0	0	0
7	1	12	0	0	0
7	1	13	0	0	0
7	1	14	0	0	0
7	1	15	0	0	0
7	1	16	0	0	0
7	1	17	0	0	0
7	1	18	0	0	0
7	1	19	0	0	0
7	2	0	0	0	0
7	2	1	0	0	0
7	2	2	0	0	0
7	2	3	0	0	0
7	2	4	0	0	0
7	2	5	0	0	0
7	2	6	0	0	0
7	2	7	0	0	0
7	2	8	0	0	0
7	2	9	0	0	0
7	2	10	0	0	0
7	2	11	0	0	0
7	2	12	0	0	0
7	2	13	0	0	0
7	2	14	0	0	0
7	2	15	0	0	0
7	2	16	0	0	0
7	2	17	0	0	0
7	2	18	0	0	0
7	2	19	0	0	0
7	3	0	0	0	0
7	3	1	0	0	0
7	3	2	0	0	0
7	3	3	0	0	0
7	3	4	0	0	0
7	3	5	0	0	0
7	3	6	0	0	0
7	3	7	0	0	0
7	3	8	0	0	0
7	3	9	0	0	0
7	3	10	0	0	0
7	3	11	0	0	0
7	3	12	0	0	0
7	3	13	0	0	0
7	3	14	0	0	0
7	3	15	0	0	0
7	3	16	0	0	0
7	3	17	0	0	0
7	3	18	0	0	0
7	3	19	0	0	0
8	0	0	0	0	0
8	0	1	0	0	0
8	0	2	0	0	0
8	0	3	0	0	0
8	0	4	0	0	0
8	0	5	0	0	0
8	0	6	0	0	0
8	0	7	0	0	0
8	0	8	0	0	0
8	0	9	0	0	0
8	0	10	0	0	0
8	0	11	0	0	0
8	0	12	0	0	0
8	0	13	0	0	0
8	0	14	0	0	0
8	0	15	0	0	0
8	0	16	0	0	0
8	0	17	0	0	0
8	0	18	0	0	0
8	0	19	0	0	0
8	1	0	0	0	0
8	1	1	0	0	0
8	1	2	0	0	0
8	1	3	0	0	0
8	1	4	0	0	0
8	1	5	0	0	0
8	1	6	0	0	0
8	1	7	0	0	0
8	1	8	0	0	0
8	1	9	0	0	0
8	1	10	0	0	0
8	1	11	0	0	0
8	1	12	0	0	0
8	1	13	0	0	0
8	1	14	0	0	0
8	1	15	0	0	0
8	1	16	0	0	0
8	1	17	0	0	0
8	1	18	0	0	0
8	1	19	0	0	0
8	2	0	0	0	0
8	2	1	0	0	0
8	2	2	0	0	0
8	2	3	0	0	0
8	2	4	0	0	0
8	2	5	0	0	0
8	2	6	0	0	0
8	2	7	0	0	0
8	2	8	0	0	0
8	2	9	0	0	0
8	2	10	0	0	0
8	2	11	0	0	0
8	2	12	0	0	0
8	2	13	0	0	0
8	2	14	0	0	0
8	2	15	0	0	0
8	2	16	0	0	0
8	2	17	0	0	0
8	2	18	0	0	0
8	2	19	0	0	0
8	3	0	0	0	0
8	3	1	0	0	0
8	3	2	0	0	0
8	3	3	0	0	0
8	3	4	0	0	0
8	3	5	0	0	0
8	3	6	0	0	0
8	3	7	0	0	0
8	3	8	0	0	0
8	3	9	0	0	0
8	3	10	0	0	0
8	3	11	0	0	0
8	3	12	0	0	0
8	3	13	0	0	0
8	3	14	0	0	0
8	3	15	0	0	0
8	3	16	0	0	0
8	3	17	0	0	0
8	3	18	0	0	0
8	3	19	0	0	0
9	0	0	0	0	0
9	0	1	0	0	0
9	0	2	0	0	0
9	0	3	0	0	0
9	0	4	0	0	0
9	0	5	0	0	0
9	0	6	0	0	0
9	0	7	0	0	0
9	0	8	0	0	0
9	0	9	0	0	0
9	0	10	0	0	0
9	0	11	0	0	0
9	0	12	0	0	0
9	0	13	0	0	0
9	0	14	0	0	0
9	0	15	0	0	0
9	0	16	0	0	0
9	0	17	0	0	0
9	0	18	0	0	0
9	0	19	0	0	0
9	1	0	0	0	0
9	1	1	0	0	0
9	1	2	0	0	0
9	1	3	0	0	0
9	1	4	0	0	0
9	1	5	0	0	0
9	1	6	0	0	0
9	1	7	0	0	0
9	1	8	0	0	0
9	1	9	0	0	0
9	1	10	0	0	0
9	1	11	0	0	0
9	1	12	0	0	0
9	1	13	0	0	0
9	1	14	0	0	0
9	1	15	0	0	0
9	1	16	0	0	0
9	1	17	0	0	0
9	1	18	0	0	0
9	1	19	0	0	0
9	2	0	0	0	0
9	2	1	0	0	0
9	2	2	0	0	0
9	2	3	0	0	0
9	2	4	0	0	0
9	2	5	0	0	0
9	2	6	0	0	0
9	2	7	0	0	0
9	2	8	0	0	0
9	2	9	0	0	0
9	2	10	0	0	0
9	2	11	0	0	0
9	2	12	0	0	0
9	2	13	0	0	0
9	2	14	0	0	0
9	2	15	0	0	0
9	2	16	0	0	0
9	2	17	0	0	0
9	2	18	0	0	0
9	2	19	0	0	0
9	3	0	0	0	0
9	3	1	0	0	0
9	3	2	0	0	0
9	3	3	0	0	0
9	3	4	0	0	0
9	3	5	0	0	0
9	3	6	0	0	0
9	3	7	0	0	0
9	3	8	0	0	0
9	3	9	0	0	0
9	3	10	0	0	0
9	3	11	0	0	0
9	3	12	0	0	0
9	3	13	0	0	0
9	3	14	0	0	0
9	3	15	0	0	0
9	3	16	0	0	0
9	3	17	0	0	0
9	3	18	0	0	0
9	3	19	0	0	0
10	0	0	0	0	0
10	0	1	0	0	0
10	0	2	0	0	0
10	0	3	0	0	0
10	0	4	0	0	0
10	0	5	0	0	0
10	0	6	0	0	0
10	0	7	0	0	0
10	0	8	0	0	0
10	0	9	0	0	0
10	0	10	0	0	0
10	0	11	0	0	0
10	0	12	0	0	0
10	0	13	0	0	0
10	0	14	0	0	0
10	0	15	0	0	0
10	0	16	0	0	0
10	0	17	0	0	0
10	0	18	0	0	0
10	0	19	0	0	0
10	1	0	0	0	0
10	1	1	0	0	0
10	1	2	0	0	0
10	1	3	0	0	0
10	1	4	0	0	0
10	1	5	0	0	0
10	1	6	0	0	0
10	1	7	0	0	0
10	1	8	0	0	0
10	1	9	0	0	0
10	1	10	0	0	0
10	1	11	0	0	0
10	1	12	0	0	0
10	1	13	0	0	0
10	1	14	0	0	0
10	1	15	0	0	0
10	1	16	0	0	0
10	1	17	0	0	0
10	1	18	0	0	0
10	1	19	0	0	0
10	2	0	0	0	0
10	2	1	0	0	0
10	2	2	0	0	0
10	2	3	0	0	0
10	2	4	0	0	0
10	2	5	0	0	0
10	2	6	0	0	0
10	2	7	0	0	0
10	2	8	0	0	0
10	2	9	0	0	0
10	2	10	0	0	0
10	2	11	0	0	0
10	2	12	0	0	0
10	2	13	0	0	0
10	2	14	0	0	0
10	2	15	0	0	0
10	2	16	0	0	0
10	2	17	0	0	0
10	2	18	0	0	0
10	2	19	0	0	0
10	3	0	0	0	0
10	3	1	0	0	0
10	3	2	0	0	0
10	3	3	0	0	0
10	3	4	0	0	0
10	3	5	0	0	0
10	3	6	0	0	0
10	3	7	0	0	0
10	3	8	0	0	0
10	3	9	0	0	0
10	3	10	0	0	0
10	3	11	0	0	0
10	3	12	0	0	0
10	3	13	0	0	0
10	3	14	0	0	0
10	3	15	0	0	0
10	3	16	0	0	0
10	3	17	0	0	0
10	3	18	0	0	0
10	3	19	0	0	0
11	0	0	0	0	0
11	0	1	0	0	0
11	0	2	0	0	0
11	0	3	0	0	0
11	0	4	0	0	0
11	0	5	0	0	0
11	0	6	0	0	0
11	0	7	0	0	0
11	0	8	0	0	0
11	0	9	0	0	0
11	0	10	0	0	0
11	0	11	0	0	0
11	0	12	0	0	0
11	0	13	0	0	0
11	0	14	0	0	0
11	0	15	0	0	0
11	0	16	0	0	0
11	0	17	0	0	0
11	0	18	0	0	0
11	0	19	0	0	0
11	1	0	0	0	0
11	1	1	0	0	0
11	1	2	0	0	0
11	1	3	0	0	0
11	1	4	0	0	0
11	1	5	0	0	0
11	1	6	0	0	0
11	1	7	0	0	0
11	1	8	0	0	0
11	1	9	0	0	0
11	1	10	0	0	0
11	1	11	0	0	0
11	1	12	0	0	0
11	1	13	0	0	0
11	1	14	0	0	0
11	1	15	0	0	0
11	1	16	0	0	0
11	1	17	0	0	0
11	1	18	0	0	0
11	1	19	0	0	0
11	2	0	0	0	0
11	2	1	0	0	0
11	2	2	0	0	0
11	2	3	0	0	0
11	2	4	0	0	0
11	2	5	0	0	0
11	2	6	0	0	0
11	2	7	0	0	0
11	2	8	0	0	0
11	2	9	0	0	0
11	2	10	0	0	0
11	2	11	0	0	0
11	2	12	0	0	0
11	2	13	0	0	0
11	2	14	0	0	0
11	2	15	0	0	0
11	2	16	0	0	0
11	2	17	0	0	0
11	2	18	0	0	0
11	2	19	0	0	0
11	3	0	0	0	0
11	3	1	0	0	0
11	3	2	0	0	0
11	3	3	0	0	0
11	3	4	0	0	0
11	3	5	0	0	0
11	3	6	0	0	0
11	3	7	0	0	0
11	3	8	0	0	0
11	3	9	0	0	0
11	3	10	0	0	0
11	3	11	0	0	0
11	3	12	0	0	0
11	3	13	0	0	0
11	3	14	0	0	0
11	3	15	0	0	0
11	3	16	0	0	0
11	3	17	0	0	0
11	3	18	0	0	0
11	3	19	0	0	0
12	0	0	81.5084	105	114
12	0	1	83.5364	94	107
12	0	2	107.102	97	106
12	0	3	126.915	133	122
12	0	4	161.937	151	154
12	0	5	213.233	202	191
12	0	6	380.879	383	370
12	0	7	5420.2	5492	5395
12	0	8	380.879	382	401
12	0	9	213.233	199	203
12	0	10	161.937	147	128
12	0	11	126.915	129	144
12	0	12	107.102	101	103
12	0	13	83.5364	81	79
12	0	14	81.5084	87	83
12	0	15	69.9797	84	87
12	0	16	62.7864	61	57
12	0	17	56.9009	55	66
12	0	18	51.9964	52	51
12	0	19	47.8464	48	48
12	1	0	40.553	43	50
12	1	1	39.311	36	41
12	1	2	50.771	47	37
12	1	3	60.726	62	64
12	1	4	77.535	73	70
12	1	5	101.38	103	96
12	1	6	183.26	168	191
12	1	7	2034.9	2003	2004
12	1	8	183.26	187	185
12	1	9	101.38	96	91
12	1	10	77.535	80	87
12	1	11	60.726	51	39
12	1	12	50.771	59	43
12	1	13	39.311	37	39
12	1	14	40.553	32	21
12	1	15	31.34	23	18
12	1	16	27.889	23	19
12	1	17	25.082	32	31
12	1	18	22.74	25	22
12	1	19	20.758	25	29
12	2	0	2467.66	2480	2369
12	2	1	212.475	229	226
12	2	2	118.07	112	104
12	2	3	90.2666	86	83
12	2	4	71.0743	90	97
12	2	5	60.0609	65	52
12	2	6	46.3363	52	61
12	2	7	46.4935	42	39
12	2	8	39.8231	32	38
12	2	9	35.892	35	37
12	2	10	32.6756	35	34
12	2	11	29.9953	46	39
12	2	12	27.7274	33	24
12	2	13	25.7834	32	39
12	2	14	24.0987	21	16
12	2	15	22.6245	25	23
12	2	16	21.3238	20	12
12	2	17	20.1676	20	14
12	2	18	19.1331	24	24
12	2	19	18.202	16	14
12	3	0	2193.26	2179	2231
12	3	1	193.609	232	227
12	3	2	107.411	112	106
12	3	3	82.1631	77	55
12	3	4	64.5523	58	55
12	3	5	54.2231	52	68
12	3	6	42.0954	43	40
12	3	7	43.0692	44	42
12	3	8	34.4092	33	38
12	3	9	30.7908	19	17
12	3	10	27.8465	26	21
12	3	11	25.3903	21	19
12	3	12	23.3114	21	24
12	3	13	21.53	23	19
12	3	14	19.9858	23	23
12	3	15	18.6338	24	27
12	3	16	17.4429	18	16
12	3	17	16.3814	11	9
12	3	18	15.4332	20	16
12	3	19	14.5794	10	12
13	0	0	0	0	0
13	0	1	0	0	0
13	0	2	0	0	0
13	0	3	0	0	0
13	0	4	0	0	0
13	0	5	0	0	0
13	0	6	0	0	0
13	0	7	0	0	0
13	0	8	0	0	0
13	0	9	0	0	0
13	0	10	0	0	0
13	0	11	0	0	0
13	0	12	0	0	0
13	0	13	0	0	0
13	0	14	0	0	0
13	0	15	0	0	0
13	0	16	0	0	0
13	0	17	0	0	0
13	0	18	0	0	0
13	0	19	0	0	0
13	1	0	0	0	0
13	1	1	0	0	0
13	1	2	0	0	0
13	1	3	0	0	0
13	1	4	0	0	0
13	1	5	0	0	0
13	1	6	0	0	0
13	1	7	0	0	0
13	1	8	0	0	0
13	1	9	0	0	0
13	1	10	0	0	0
13	1	11	0	0	0
13	1	12	0	0	0
13	1	13	0	0	0
13	1	14	0	0	0
13	1	15	0	0	0
13	1	16	0	0	0
13	1	17	0	0	0
13	1	18	0	0	0
13	1	19	0	0	0
13	2	0	0	0	0
13	2	1	0	0	0
13	2	2	0	0	0
13	2	3	0	0	0
13	2	4	0	0	0
13	2	5	0	0	0
13	2	6	0	0	0
13	2	7	0	0	0
13	2	8	0	0	0
13	2	9	0	0	0
13	2	10	0	0	0
13	2	11	0	0	0
13	2	12	0	0	0
13	2	13	0	0	0
13	2	14	0	0	0
13	2	15	0	0	0
13	2	16	0	0	0
13	2	17	0	0	0
13	2	18	0	0	0
13	2	19	0	0	0
13	3	0	0	0	0
13	3	1	0	0	0
13	3	2	0	0	0
13	3	3	0	0	0
13	3	4	0	0	0
13	3	5	0	0	0
13	3	6	0	0	0
13	3	7	0	0	0
13	3	8	0	0	0
13	3	9	0	0	0
13	3	10	0	0	0
13	3	11	0	0	0
13	3	12	0	0	0
13	3	13	0	0	0
13	3	14	0	0	0
13	3	15	0	0	0
13	3	16	0	0	0
13	3	17	0	0	0
13	3	18	0	0	0
13	3	19	0	0	0
14	0	0	18.0644	19	17
14	0	1	19.2544	25	29
14	0	2	20.6032	19	20
14	0	3	22.1446	21	24
14	0	4	23.9232	23	27
14	0	5	25.9982	21	27
14	0	6	28.4505	37	23
14	0	7	31.3932	41	36
14	0	8	34.9899	31	29
14	0	9	40.7542	40	51
14	0	10	41.7682	45	54
14	0	11	53.5511	50	46
14	0	12	63.4577	75	62
14	0	13	80.9686	83	65
14	0	14	106.616	116	137
14	0	15	190.44	186	194
14	0	16	2710.1	2704	2699
14	0	17	190.44	207	180
14	0	18	106.616	108	108
14	0	19	80.9686	78	65
14	1	0	7.581	7	5
14	1	1	8.149	9	7
14	1	2	8.7935	10	3
14	1	3	9.5295	10	14
14	1	4	10.379	9	7
14	1	5	11.37	5	0
14	1	6	12.541	8	6
14	1	7	13.9445	17	18
14	1	8	15.67	21	19
14	1	9	20.2765	17	14
14	1	10	19.6555	17	15
14	1	11	25.3855	15	11
14	1	12	30.363	34	24
14	1	13	38.7675	42	48
14	1	14	50.69	46	40
14	1	15	91.63	80	75
14	1	16	1017.45	989	967
14	1	17	91.63	92	113
14	1	18	50.69	47	50
14	1	19	38.7675	41	41
14	2	0	1043.4	1069	1047
14	2	1	93.3259	94	79
14	2	2	51.6782	59	45
14	2	3	39.5259	41	39
14	2	4	30.99	32	34
14	2	5	25.9512	29	34
14	2	6	20.1118	23	22
14	2	7	20.6888	25	12
14	2	8	16.1729	18	20
14	2	9	14.42	14	17
14	2	10	12.994	11	10
14	2	11	11.8043	16	11
14	2	12	10.7974	11	11
14	2	13	9.93441	9	9
14	2	14	9.18659	7	3
14	2	15	8.53176	11	8
14	2	16	7.95476	5	5
14	2	17	7.44065	7	7
14	2	18	6.98141	7	3
14	2	19	6.56788	4	4
14	3	0	1621.09	1626	1638
14	3	1	130.398	133	126
14	3	2	73.4709	79	87
14	3	3	56.3888	49	57
14	3	4	45.1484	54	56
14	3	5	38.8395	34	27
14	3	6	30.9899	26	24
14	3	7	30.797	36	36
14	3	8	26.844	25	16
14	3	9	24.514	23	21
14	3	10	22.6076	22	23
14	3	11	21.019	20	20
14	3	12	19.6748	16	23
14	3	13	18.5226	16	16
14	3	14	17.524	20	21
14	3	15	16.6502	12	16
14	3	16	15.8793	13	15
14	3	17	15.194	20	16
14	3	18	14.5808	22	21
14	3	19	14.029	14	15
15	0	0	0	0	0
15	0	1	0	0	0
15	0	2	0	0	0
15	0	3	0	0	0
15	0	4	0	0	0
15	0	5	0	0	0
15	0	6	0	0	0
15	0	7	0	0	0
15	0	8	0	0	0
15	0	9	0	0	0
15	0	10	0	0	0
15	0	11	0	0	0
15	0	12	0	0	0
15	0	13	0	0	0
15	0	14	0	0	0
15	0	15	0	0	0
15	0	16	0	0	0
15	0	17	0	0	0
15	0	18	0	0	0
15	0	19	0	0	0
15	1	0	0	0	0
15	1	1	0	0	0
15	1	2	0	0	0
15	1	3	0	0	0
15	1	4	0	0	0
15	1	5	0	0	0
15	1	6	0	0	0
15	1	7	0	0	0
15	1	8	0	0	0
15	1	9	0	0	0
15	1	10	0	0	0
15	1	11	0	0	0
15	1	12	0	0	0
15	1	13	0	0	0
15	1	14	0	0	0
15	1	15	0	0	0
15	1	16	0	0	0
15	1	17	0	0	0
15	1	18	0	0	0
15	1	19	0	0	0
15	2	0	0	0	0
15	2	1	0	0	0
15	2	2	0	0	0
15	2	3	0	0	0
15	2	4	0	0	0
15	2	5	0	0	0
15	2	6	0	0	0
15	2	7	0	0	0
15	2	8	0	0	0
15	2	9	0	0	0
15	2	10	0	0	0
15	2	11	0	0	0
15	2	12	0	0	0
15	2	13	0	0	0
15	2	14	0	0	0
15	2	15	0	0	0
15	2	16	0	0	0
15	2	17	0	0	0
15	2	18	0	0	0
15	2	19	0	0	0
15	3	0	0	0	0
15	3	1	0	0	0
15	3	2	0	0	0
15	3	3	0	0	0
15	3	4	0	0	0
15	3	5	0	0	0
15	3	6	0	0	0
15	3	7	0	0	0
15	3	8	0	0	0
15	3	9	0	0	0
15	3	10	0	0	0
15	3	11	0	0	0
15	3	12	0	0	0
15	3	13	0	0	0
15	3	14	0	0	0
15	3	15	0	0	0
15	3	16	0	0	0
15	3	17	0	0	0
15	3	18	0	0	0
15	3	19	0	0	0
16	0	0	0	0	0
16	0	1	0	0	0
16	0	2	0	0	0
16	0	3	0	0	0
16	0	4	0	0	0
16	0	5	0	0	0
16	0	6	0	0	0
16	0	7	0	0	0
16	0	8	0	0	0
16	0	9	0	0	0
16	0	10	0	0	0
16	0	11	0	0	0
16	0	12	0	0	0
16	0	13	0	0	0
16	0	14	0	0	0
16	0	15	0	0	0
16	0	16	0	0	0
16	0	17	0	0	0
16	0	18	0	0	0
16	0	19	0	0	0
16	1	0	0	0	0
16	1	1	0	0	0
16	1	2	0	0	0
16	1	3	0	0	0
16	1	4	0	0	0
16	1	5	0	0	0
16	1	6	0	0	0
16	1	7	0	0	0
16	1	8	0	0	0
16	1	9	0	0	0
16	1	10	0	0	0
16	1	11	0	0	0
16	1	12	0	0	0
16	1	13	0	0	0
16	1	14	0	0	0
16	1	15	0	0	0
16	1	16	0	0	0
16	1	17	0	0	0
16	1	18	0	0	0
16	1	19	0	0	0
16	2	0	0	0	0
16	2	1	0	0	0
16	2	2	0	0	0
16	2	3	0	0	0
16	2	4	0	0	0
16	2	5	0	0	0
16	2	6	0	0	0
16	2	7	0	0	0
16	2	8	0	0	0
16	2	9	0	0	0
16	2	10	0	0	0
16	2	11	0	0	0
16	2	12	0	0	0
16	2	13	0	0	0
16	2	14	0	0	0
16	2	15	0	0	0
16	2	16	0	0	0
16	2	17	0	0	0
16	2	18	0	0	0
16	2	19	0	0	0
16	3	0	0	0	0
16	3	1	0	0	0
16	3	2	0	0	0
16	3	3	0	0	0
16	3	4	0	0	0
16	3	5	0	0	0
16	3	6	0	0	0
16	3	7	0	0	0
16	3	8	0	0	0
16	3	9	0	0	0
16	3	10	0	0	0
16	3	11	0	0	0
16	3	12	0	0	0
16	3	13	0	0	0
16	3	14	0	0	0
16	3	15	0	0	0
16	3	16	0	0	0
16	3	17	0	0	0
16	3	18	0	0	0
16	3	19	0	0	0
17	0	0	0	0	0
17	0	1	0	0	0
17	0	2	0	0	0
17	0	3	0	0	0
17	0	4	0	0	0
17	0	5	0	0	0
17	0	6	0	0	0
17	0	7	0	0	0
17	0	8	0	0	0
17	0	9	0	0	0
17	0	10	0	0	0
17	0	11	0	0	0
17	0	12	0	0	0
17	0	13	0	0	0
17	0	14	0	0	0
17	0	15	0	0	0
17	0	16	0	0	0
17	0	17	0	0	0
17	0	18	0	0	0
17	0	19	0	0	0
17	1	0	0	0	0
17	1	1	0	0	0
17	1	2	0	0	0
17	1	3	0	0	0
17	1	4	0	0	0
17	1	5	0	0	0
17	1	6	0	0	0
17	1	7	0	0	0
17	1	8	0	0	0
17	1	9	0	0	0
17	1	10	0	0	0
17	1	11	0	0	0
17	1	12	0	0	0
17	1	13	0	0	0
17	1	14	0	0	0
17	1	15	0	0	0
17	1	16	0	0	0
17	1	17	0	0	0
17	1	18	0	0	0
17	1	19	0	0	0
17	2	0	0	0	0
17	2	1	0	0	0
17	2	2	0	0	0
17	2	3	0	0	0
17	2	4	0	0	0
17	2	5	0	0	0
17	2	6	0	0	0
17	2	7	0	0	0
17	2	8	0	0	0
17	2	9	0	0	0
17	2	10	0	0	0
17	2	11	0	0	0
17	2	12	0	0	0
17	2	13	0	0	0
17	2	14	0	0	0
17	2	15	0	0	0
17	2	16	0	0	0
17	2	17	0	0	0
17	2	18	0	0	0
17	2	19	0	0	0
17	3	0	0	0	0
17	3	1	0	0	0
17	3	2	0	0	0
17	3	3	0	0	0
17	3	4	0	0	0
17	3	5	0	0	0
17	3	6	0	0	0
17	3	7	0	0	0
17	3	8	0	0	0
17	3	9	0	0	0
17	3	10	0	0	0
17	3	11	0	0	0
17	3	12	0	0	0
17	3	13	0	0	0
17	3	14	0	0	0
17	3	15	0	0	0
17	3	16	0	0	0
17	3	17	0	0	0
17	3	18	0	0	0
17	3	19	0	0	0
18	0	0	0	0	0
18	0	1	0	0	0
18	0	2	0	0	0
18	0	3	0	0	0
18	0	4	0	0	0
18	0	5	0	0	0
18	0	6	0	0	0
18	0	7	0	0	0
18	0	8	0	0	0
18	0	9	0	0	0
18	0	10	0	0	0
18	0	11	0	0	0
18	0	12	0	0	0
18	0	13	0	0	0
18	0	14	0	0	0
18	0	15	0	0	0
18	0	16	0	0	0
18	0	17	0	0	0
18	0	18	0	0	0
18	0	19	0	0	0
18	1	0	0	0	0
18	1	1	0	0	0
18	1	2	0	0	0
18	1	3	0	0	0
18	1	4	0	0	0
18	1	5	0	0	0
18	1	6	0	0	0
18	1	7	0	0	0
18	1	8	0	0	0
18	1	9	0	0	0
18	1	10	0	0	0
18	1	11	0	0	0
18	1	12	0	0	0
18	1	13	0	0	0
18	1	14	0	0	0
18	1	15	0	0	0
18	1	16	0	0	0
18	1	17	0	0	0
18	1	18	0	0	0
18	1	19	0	0	0
18	2	0	0	0	0
18	2	1	0	0	0
18	2	2	0	0	0
18	2	3	0	0	0
18	2	4	0	0	0
18	2	5	0	0	0
18	2	6	0	0	0
18	2	7	0	0	0
18	2	8	0	0	0
18	2	9	0	0	0
18	2	10	0	0	0
18	2	11	0	0	0
18	2	12	0	0	0
18	2	13	0	0	0
18	2	14	0	0	0
18	2	15	0	0	0
18	2	16	0	0	0
18	2	17	0	0	0
18	2	18	0	0	0
18	2	19	0	0	0
18	3	0	0	0	0
18	3	1	0	0	0
18	3	2	0	0	0
18	3	3	0	0	0
18	3	4	0	0	0
18	3	5	0	0	0
18	3	6	0	0	0
18	3	7	0	0	0
18	3	8	0	0	0
18	3	9	0	0	0
18	3	10	0	0	0
18	3	11	0	0	0
18	3	12	0	0	0
18	3	13	0	0	0
18	3	14	0	0	0
18	3	15	0	0	0
18	3	16	0	0	0
18	3	17	0	0	0
18	3	18	0	0	0
18	3	19	0	0	0
19	0	0	0	0	0
19	0	1	0	0	0
19	0	2	0	0	0
19	0	3	0	0	0
19	0	4	0	0	0
19	0	5	0	0	0
19	0	6	0	0	0
19	0	7	0	0	0
19	0	8	0	0	0
19	0	9	0	0	0
19	0	10	0	0	0
19	0	11	0	0	0
19	0	12	0	0	0
19	0	13	0	0	0
19	0	14	0	0	0
19	0	15	0	0	0
19	0	16	0	0	0
19	0	17	0	0	0
19	0	18	0	0	0
19	0	19	0	0	0
19	1	0	0	0	0
19	1	1	0	0	0
19	1	2	0	0	0
19	1	3	0	0	0
19	1	4	0	0	0
19	1	5	0	0	0
19	1	6	0	0	0
19	1	7	0	0	0
19	1	8	0	0	0
19	1	9	0	0	0
19	1	10	0	0	0
19	1	11	0	0	0
19	1	12	0	0	0
19	1	13	0	0	0
19	1	14	0	0	0
19	1	15	0	0	0
19	1	16	0	0	0
19	1	17	0	0	0
19	1	18	0	0	0
19	1	19	0	0	0
19	2	0	0	0	0
19	2	1	0	0	0
19	2	2	0	0	0
19	2	3	0	0	0
19	2	4	0	0	0
19	2	5	0	0	0
19	2	6	0	0	0
19	2	7	0	0	0
19	2	8	0	0	0
19	2	9	0	0	0
19	2	10	0	0	0
19	2	11	0	0	0
19	2	12	0	0	0
19	2	13	0	0	0
19	2	14	0	0	0
19	2	15	0	0	0
19	2	16	0	0	0
19	2	17	0	0	0
19	2	18	0	0	0
19	2	19	0	0	0
19	3	0	0	0	0
19	3	1	0	0	0
19	3	2	0	0	0
19	3	3	0	0	0
19	3	4	0	0	0
19	3	5	0	0	0
19	3	6	0	0	0
19	3	7	0	0	0
19	3	8	0	0	0
19	3	9	0	0	0
19	3	10	0	0	0
19	3	11	0	0	0
19	3	12	0	0	0
19	3	13	0	0	0
19	3	14	0	0	0
19	3	15	0	0	0
19	3	16	0	0	0
19	3	17	0	0	0
19	3	18	0	0	0
19	3	19	0	0	0
20	0	0	0	0	0
20	0	1	0	0	0
20	0	2	0	0	0
20	0	3	0	0	0
20	0	4	0	0	0
20	0	5	0	0	0
20	0	6	0	0	0
20	0	7	0	0	0
20	0	8	0	0	0
20	0	9	0	0	0
20	0	10	0	0	0
20	0	11	0	0	0
20	0	12	0	0	0
20	0	13	0	0	0
20	0	14	0	0	0
20	0	15	0	0	0
20	0	16	0	0	0
20	0	17	0	0	0
20	0	18	0	0	0
20	0	19	0	0	0
20	1	0	0	0	0
20	1	1	0	0	0
20	1	2	0	0	0
20	1	3	0	0	0
20	1	4	0	0	0
20	1	5	0	0	0
20	1	6	0	0	0
20	1	7	0	0	0
20	1	8	0	0	0
20	1	9	0	0	0
20	1	10	0	0	0
20	1	11	0	0	0
20	1	12	0	0	0
20	1	13	0	0	0
20	1	14	0	0	0
20	1	15	0	0	0
20	1	16	0	0	0
20	1	17	0	0	0
20	1	18	0	0	0
20	1	19	0	0	0
20	2	0	0	0	0
20	2	1	0	0	0
20	2	2	0	0	0
20	2	3	0	0	0
20	2	4	0	0	0
20	2	5	0	0	0
20	2	6	0	0	0
20	2	7	0	0	0
20	2	8	0	0	0
20	2	9	0	0	0
20	2	10	0	0	0
20	2	11	0	0	0
20	2	12	0	0	0
20	2	13	0	0	0
20	2	14	0	0	0
20	2	15	0	0	0
20	2	16	0	0	0
20	2	17	0	0	0
20	2	18	0	0	0
20	2	19	0	0	0
20	3	0	0	0	0
20	3	1	0	0	0
20	3	2	0	0	0
20	3	3	0	0	0
20	3	4	0	0	0
20	3	5	0	0	0
20	3	6	0	0	0
20	3	7	0	0	0
20	3	8	0	0	0
20	3	9	0	0	0
20	3	10	0	0	0
20	3	11	0	0	0
20	3	12	0	0	0
20	3	13	0	0	0
20	3	14	0	0	0
20	3	15	0	0	0
20	3	16	0	0	0
20	3	17	0	0	0
20	3	18	0	0	0
20	3	19	0	0	0
